{
 "cells": [
  {
   "cell_type": "markdown",
   "id": "title-cell",
   "metadata": {},
   "source": [
    "# TP 1 – Analyse des Données\n",
    "\n",
    "**Module :** Analyse des données  \n",
    "**Niveau :** M1 – Informatique Visuelle  \n",
    "**Encadrante :** N. Laiche  \n",
    "\n",
    "**Binôme :** Sellami Mohamed Amine et Abdesselam Meriem — G3  \n"
   ]
  },
  {
   "cell_type": "markdown",
   "id": "imports-md",
   "metadata": {},
   "source": [
    "## Importation des bibliothèques et saisie des données"
   ]
  },
  {
   "cell_type": "code",
   "execution_count": 2,
   "id": "imports-code",
   "metadata": {},
   "outputs": [
    {
     "name": "stdout",
     "output_type": "stream",
     "text": [
      "Dimensions de X : 20 individus x 6 variables\n"
     ]
    }
   ],
   "source": [
    "import numpy as np\n",
    "import matplotlib.pyplot as plt\n",
    "\n",
    "# Noms des 20 villes (individus)\n",
    "villes = [f\"V{i}\" for i in range(1, 21)]\n",
    "\n",
    "# Noms des 6 sports (variables)\n",
    "sports = [\"H.Ball\", \"B.Ball\", \"Tennis\", \"Gym\", \"Natation\", \"F.Ball\"]\n",
    "\n",
    "# Matrice des données brutes (20 individus x 6 variables)\n",
    "X = np.array([\n",
    "    [1881.9, 96.8,  14.2, 25.2, 1135.5, 278.3],\n",
    "    [3369.8, 96.8,  10.8, 51.6, 1331.7, 284.0],\n",
    "    [4467.4, 138.2,  9.5, 34.2, 2346.1, 312.3],\n",
    "    [1862.1, 83.2,   8.8, 27.6,  972.6, 203.4],\n",
    "    [3499.8, 287.0, 11.5, 49.4, 2139.4, 358.0],\n",
    "    [3903.2, 170.7,  6.3, 42.0, 1935.2, 292.9],\n",
    "    [2620.7, 129.5,  4.2, 16.8, 1346.0, 131.8],\n",
    "    [3678.4, 157.0,  6.0, 24.9, 1682.6, 194.2],\n",
    "    [3840.5, 187.9, 10.2, 39.6, 1859.9, 449.1],\n",
    "    [2170.2, 140.5, 11.7, 31.1, 1351.1, 256.5],\n",
    "    [3920.4, 128.0,  7.2, 25.5, 1911.5,  64.1],\n",
    "    [2599.6,  39.6,  5.5, 19.4, 1050.8, 172.5],\n",
    "    [2828.5, 211.3,  9.9, 21.8, 1085.0, 209.0],\n",
    "    [2498.7, 123.2,  7.4, 26.5, 1086.2, 153.5],\n",
    "    [2685.1,  41.2,  2.3, 10.6,  812.5,  89.8],\n",
    "    [2739.3, 100.7,  6.6, 22.0, 1270.4, 180.5],\n",
    "    [1662.1,  81.1, 10.1, 19.1,  872.2, 123.3],\n",
    "    [2469.9, 142.9, 15.5, 30.9, 1165.5, 335.5],\n",
    "    [2350.7,  38.7,  2.4, 13.5, 1253.1, 170.0],\n",
    "    [3177.7, 292.1,  8.0, 34.8, 1400.0, 358.9]\n",
    "])\n",
    "\n",
    "m, n = X.shape   # m = nombre d'individus (20), n = nombre de variables (6)\n",
    "print(f\"Dimensions de X : {m} individus x {n} variables\")"
   ]
  },
  {
   "cell_type": "markdown",
   "id": "q1-md",
   "metadata": {},
   "source": [
    "---\n",
    "## Question 1 – Matrice X et sa transposée Xᵗ"
   ]
  },
  {
   "cell_type": "code",
   "execution_count": 25,
   "id": "q1-code",
   "metadata": {},
   "outputs": [
    {
     "name": "stdout",
     "output_type": "stream",
     "text": [
      "Matrice X (20 x 6) :\n",
      "[[1.8819e+03 9.6800e+01 1.4200e+01 2.5200e+01 1.1355e+03 2.7830e+02]\n",
      " [3.3698e+03 9.6800e+01 1.0800e+01 5.1600e+01 1.3317e+03 2.8400e+02]\n",
      " [4.4674e+03 1.3820e+02 9.5000e+00 3.4200e+01 2.3461e+03 3.1230e+02]\n",
      " [1.8621e+03 8.3200e+01 8.8000e+00 2.7600e+01 9.7260e+02 2.0340e+02]\n",
      " [3.4998e+03 2.8700e+02 1.1500e+01 4.9400e+01 2.1394e+03 3.5800e+02]\n",
      " [3.9032e+03 1.7070e+02 6.3000e+00 4.2000e+01 1.9352e+03 2.9290e+02]\n",
      " [2.6207e+03 1.2950e+02 4.2000e+00 1.6800e+01 1.3460e+03 1.3180e+02]\n",
      " [3.6784e+03 1.5700e+02 6.0000e+00 2.4900e+01 1.6826e+03 1.9420e+02]\n",
      " [3.8405e+03 1.8790e+02 1.0200e+01 3.9600e+01 1.8599e+03 4.4910e+02]\n",
      " [2.1702e+03 1.4050e+02 1.1700e+01 3.1100e+01 1.3511e+03 2.5650e+02]\n",
      " [3.9204e+03 1.2800e+02 7.2000e+00 2.5500e+01 1.9115e+03 6.4100e+01]\n",
      " [2.5996e+03 3.9600e+01 5.5000e+00 1.9400e+01 1.0508e+03 1.7250e+02]\n",
      " [2.8285e+03 2.1130e+02 9.9000e+00 2.1800e+01 1.0850e+03 2.0900e+02]\n",
      " [2.4987e+03 1.2320e+02 7.4000e+00 2.6500e+01 1.0862e+03 1.5350e+02]\n",
      " [2.6851e+03 4.1200e+01 2.3000e+00 1.0600e+01 8.1250e+02 8.9800e+01]\n",
      " [2.7393e+03 1.0070e+02 6.6000e+00 2.2000e+01 1.2704e+03 1.8050e+02]\n",
      " [1.6621e+03 8.1100e+01 1.0100e+01 1.9100e+01 8.7220e+02 1.2330e+02]\n",
      " [2.4699e+03 1.4290e+02 1.5500e+01 3.0900e+01 1.1655e+03 3.3550e+02]\n",
      " [2.3507e+03 3.8700e+01 2.4000e+00 1.3500e+01 1.2531e+03 1.7000e+02]\n",
      " [3.1777e+03 2.9210e+02 8.0000e+00 3.4800e+01 1.4000e+03 3.5890e+02]]\n",
      "\n",
      "Matrice Xt (6 x 20) :\n",
      "[[1.8819e+03 3.3698e+03 4.4674e+03 1.8621e+03 3.4998e+03 3.9032e+03\n",
      "  2.6207e+03 3.6784e+03 3.8405e+03 2.1702e+03 3.9204e+03 2.5996e+03\n",
      "  2.8285e+03 2.4987e+03 2.6851e+03 2.7393e+03 1.6621e+03 2.4699e+03\n",
      "  2.3507e+03 3.1777e+03]\n",
      " [9.6800e+01 9.6800e+01 1.3820e+02 8.3200e+01 2.8700e+02 1.7070e+02\n",
      "  1.2950e+02 1.5700e+02 1.8790e+02 1.4050e+02 1.2800e+02 3.9600e+01\n",
      "  2.1130e+02 1.2320e+02 4.1200e+01 1.0070e+02 8.1100e+01 1.4290e+02\n",
      "  3.8700e+01 2.9210e+02]\n",
      " [1.4200e+01 1.0800e+01 9.5000e+00 8.8000e+00 1.1500e+01 6.3000e+00\n",
      "  4.2000e+00 6.0000e+00 1.0200e+01 1.1700e+01 7.2000e+00 5.5000e+00\n",
      "  9.9000e+00 7.4000e+00 2.3000e+00 6.6000e+00 1.0100e+01 1.5500e+01\n",
      "  2.4000e+00 8.0000e+00]\n",
      " [2.5200e+01 5.1600e+01 3.4200e+01 2.7600e+01 4.9400e+01 4.2000e+01\n",
      "  1.6800e+01 2.4900e+01 3.9600e+01 3.1100e+01 2.5500e+01 1.9400e+01\n",
      "  2.1800e+01 2.6500e+01 1.0600e+01 2.2000e+01 1.9100e+01 3.0900e+01\n",
      "  1.3500e+01 3.4800e+01]\n",
      " [1.1355e+03 1.3317e+03 2.3461e+03 9.7260e+02 2.1394e+03 1.9352e+03\n",
      "  1.3460e+03 1.6826e+03 1.8599e+03 1.3511e+03 1.9115e+03 1.0508e+03\n",
      "  1.0850e+03 1.0862e+03 8.1250e+02 1.2704e+03 8.7220e+02 1.1655e+03\n",
      "  1.2531e+03 1.4000e+03]\n",
      " [2.7830e+02 2.8400e+02 3.1230e+02 2.0340e+02 3.5800e+02 2.9290e+02\n",
      "  1.3180e+02 1.9420e+02 4.4910e+02 2.5650e+02 6.4100e+01 1.7250e+02\n",
      "  2.0900e+02 1.5350e+02 8.9800e+01 1.8050e+02 1.2330e+02 3.3550e+02\n",
      "  1.7000e+02 3.5890e+02]]\n"
     ]
    }
   ],
   "source": [
    "# La transposée échange lignes et colonnes : Xt est de dimension (6 x 20)\n",
    "Xt = X.T\n",
    "\n",
    "print(\"Matrice X (20 x 6) :\")\n",
    "print(X)\n",
    "\n",
    "print(\"\\nMatrice Xt (6 x 20) :\")\n",
    "print(Xt)"
   ]
  },
  {
   "cell_type": "markdown",
   "id": "q1-comment",
   "metadata": {},
   "source": [
    "**Commentaire :** X est la matrice principale où chaque ligne = une ville et chaque colonne = un sport. La transposée Xᵗ inverse ce rôle : chaque ligne représente un sport et chaque colonne une ville."
   ]
  },
  {
   "cell_type": "markdown",
   "id": "q2-md",
   "metadata": {},
   "source": [
    "---\n",
    "## Question 2 – Liste des individus"
   ]
  },
  {
   "cell_type": "code",
   "execution_count": 4,
   "id": "q2-code",
   "metadata": {},
   "outputs": [
    {
     "name": "stdout",
     "output_type": "stream",
     "text": [
      "Liste des individus (villes) :\n",
      "V1 : [1881.9   96.8   14.2   25.2 1135.5  278.3]\n",
      "V2 : [3369.8   96.8   10.8   51.6 1331.7  284. ]\n",
      "V3 : [4467.4  138.2    9.5   34.2 2346.1  312.3]\n",
      "V4 : [1862.1   83.2    8.8   27.6  972.6  203.4]\n",
      "V5 : [3499.8  287.    11.5   49.4 2139.4  358. ]\n",
      "V6 : [3903.2  170.7    6.3   42.  1935.2  292.9]\n",
      "V7 : [2620.7  129.5    4.2   16.8 1346.   131.8]\n",
      "V8 : [3678.4  157.     6.    24.9 1682.6  194.2]\n",
      "V9 : [3840.5  187.9   10.2   39.6 1859.9  449.1]\n",
      "V10 : [2170.2  140.5   11.7   31.1 1351.1  256.5]\n",
      "V11 : [3920.4  128.     7.2   25.5 1911.5   64.1]\n",
      "V12 : [2599.6   39.6    5.5   19.4 1050.8  172.5]\n",
      "V13 : [2828.5  211.3    9.9   21.8 1085.   209. ]\n",
      "V14 : [2498.7  123.2    7.4   26.5 1086.2  153.5]\n",
      "V15 : [2.6851e+03 4.1200e+01 2.3000e+00 1.0600e+01 8.1250e+02 8.9800e+01]\n",
      "V16 : [2739.3  100.7    6.6   22.  1270.4  180.5]\n",
      "V17 : [1662.1   81.1   10.1   19.1  872.2  123.3]\n",
      "V18 : [2469.9  142.9   15.5   30.9 1165.5  335.5]\n",
      "V19 : [2350.7   38.7    2.4   13.5 1253.1  170. ]\n",
      "V20 : [3177.7  292.1    8.    34.8 1400.   358.9]\n"
     ]
    }
   ],
   "source": [
    "# Chaque individu est une ville avec ses 6 taux de pratique sportive\n",
    "print(\"Liste des individus (villes) :\")\n",
    "for i in range(m):\n",
    "    print(f\"{villes[i]} : {X[i, :]}\")"
   ]
  },
  {
   "cell_type": "markdown",
   "id": "q2-comment",
   "metadata": {},
   "source": [
    "**Commentaire :** On accède à chaque ligne de X pour lire les données d'une ville. Les valeurs représentent les taux de pratique pour chaque sport (sur 100 000 jeunes)."
   ]
  },
  {
   "cell_type": "markdown",
   "id": "q3-md",
   "metadata": {},
   "source": [
    "---\n",
    "## Question 3 – Extraction des variables (colonnes)"
   ]
  },
  {
   "cell_type": "code",
   "execution_count": 5,
   "id": "q3-code",
   "metadata": {},
   "outputs": [
    {
     "name": "stdout",
     "output_type": "stream",
     "text": [
      "Variables (colonnes de X) :\n",
      "H.Ball : [1881.9 3369.8 4467.4 1862.1 3499.8 3903.2 2620.7 3678.4 3840.5 2170.2\n",
      " 3920.4 2599.6 2828.5 2498.7 2685.1 2739.3 1662.1 2469.9 2350.7 3177.7]\n",
      "B.Ball : [ 96.8  96.8 138.2  83.2 287.  170.7 129.5 157.  187.9 140.5 128.   39.6\n",
      " 211.3 123.2  41.2 100.7  81.1 142.9  38.7 292.1]\n",
      "Tennis : [14.2 10.8  9.5  8.8 11.5  6.3  4.2  6.  10.2 11.7  7.2  5.5  9.9  7.4\n",
      "  2.3  6.6 10.1 15.5  2.4  8. ]\n",
      "Gym : [25.2 51.6 34.2 27.6 49.4 42.  16.8 24.9 39.6 31.1 25.5 19.4 21.8 26.5\n",
      " 10.6 22.  19.1 30.9 13.5 34.8]\n",
      "Natation : [1135.5 1331.7 2346.1  972.6 2139.4 1935.2 1346.  1682.6 1859.9 1351.1\n",
      " 1911.5 1050.8 1085.  1086.2  812.5 1270.4  872.2 1165.5 1253.1 1400. ]\n",
      "F.Ball : [278.3 284.  312.3 203.4 358.  292.9 131.8 194.2 449.1 256.5  64.1 172.5\n",
      " 209.  153.5  89.8 180.5 123.3 335.5 170.  358.9]\n"
     ]
    }
   ],
   "source": [
    "# Chaque colonne de X correspond à un sport (variable statistique)\n",
    "print(\"Variables (colonnes de X) :\")\n",
    "for j in range(n):\n",
    "    print(f\"{sports[j]} : {X[:, j]}\")"
   ]
  },
  {
   "cell_type": "markdown",
   "id": "q3-comment",
   "metadata": {},
   "source": [
    "**Commentaire :** On extrait chaque colonne sous forme de vecteur 1D de taille 20, représentant les taux de pratique de ce sport dans toutes les villes."
   ]
  },
  {
   "cell_type": "markdown",
   "id": "q4-md",
   "metadata": {},
   "source": [
    "---\n",
    "## Question 4 – Accès aux individus V3, V11, V15, V19"
   ]
  },
  {
   "cell_type": "code",
   "execution_count": 6,
   "id": "q4-code",
   "metadata": {},
   "outputs": [
    {
     "name": "stdout",
     "output_type": "stream",
     "text": [
      "Individus sélectionnés :\n",
      "V3 : [4467.4  138.2    9.5   34.2 2346.1  312.3]\n",
      "V11 : [3920.4  128.     7.2   25.5 1911.5   64.1]\n",
      "V15 : [2.6851e+03 4.1200e+01 2.3000e+00 1.0600e+01 8.1250e+02 8.9800e+01]\n",
      "V19 : [2350.7   38.7    2.4   13.5 1253.1  170. ]\n"
     ]
    }
   ],
   "source": [
    "# Les indices Python commencent à 0, donc V3 = index 2, V11 = index 10, etc.\n",
    "indices = [2, 10, 14, 18]\n",
    "\n",
    "print(\"Individus sélectionnés :\")\n",
    "for i in indices:\n",
    "    print(f\"{villes[i]} : {X[i]}\")"
   ]
  },
  {
   "cell_type": "markdown",
   "id": "q4-comment",
   "metadata": {},
   "source": [
    "**Commentaire :** On sélectionne 4 villes spécifiques par leurs indices. Ces villes ont des profils très différents — V3 a les taux les plus élevés en H.Ball et Natation, tandis que V15 et V19 ont des taux globalement plus faibles."
   ]
  },
  {
   "cell_type": "markdown",
   "id": "q5-md",
   "metadata": {},
   "source": [
    "---\n",
    "## Question 5 – Distances euclidiennes entre individus sélectionnés"
   ]
  },
  {
   "cell_type": "code",
   "execution_count": 7,
   "id": "q5-code",
   "metadata": {},
   "outputs": [
    {
     "name": "stdout",
     "output_type": "stream",
     "text": [
      "Matrice des distances euclidiennes :\n",
      "                  V3         V11         V15         V19\n",
      "V3            0.0000    741.5352   2363.9049   2388.6599\n",
      "V11         741.5352      0.0000   1655.9613   1707.8656\n",
      "V15        2363.9049   1655.9613      0.0000    558.9261\n",
      "V19        2388.6599   1707.8656    558.9261      0.0000\n"
     ]
    }
   ],
   "source": [
    "# La distance euclidienne mesure la \"proximité\" entre deux villes\n",
    "# dans l'espace à 6 dimensions des sports\n",
    "selection = X[indices]  # sous-matrice des 4 villes\n",
    "noms_sel = [villes[i] for i in indices]\n",
    "\n",
    "print(\"Matrice des distances euclidiennes :\")\n",
    "print(f\"{'':8}\", end=\"\")\n",
    "for nom in noms_sel:\n",
    "    print(f\"{nom:>12}\", end=\"\")\n",
    "print()\n",
    "\n",
    "for i in range(len(indices)):\n",
    "    print(f\"{noms_sel[i]:8}\", end=\"\")\n",
    "    for j in range(len(indices)):\n",
    "        d = np.linalg.norm(selection[i] - selection[j])\n",
    "        print(f\"{d:12.4f}\", end=\"\")\n",
    "    print()"
   ]
  },
  {
   "cell_type": "markdown",
   "id": "q5-comment",
   "metadata": {},
   "source": [
    "**Commentaire :** La diagonale vaut toujours 0 (distance d'une ville à elle-même). Plus la distance est grande, plus les profils sportifs des deux villes sont différents. V3 est probablement la plus éloignée des autres (taux très élevés), tandis que V15 et V19 sont plus proches entre elles (taux faibles similaires)."
   ]
  },
  {
   "cell_type": "markdown",
   "id": "q6-md",
   "metadata": {},
   "source": [
    "---\n",
    "## Question 6 – Tableau X(j) : Moyenne, Variance, Écart-type"
   ]
  },
  {
   "cell_type": "code",
   "execution_count": null,
   "id": "q6-code",
   "metadata": {},
   "outputs": [
    {
     "name": "stdout",
     "output_type": "stream",
     "text": [
      "Variable          Moyenne       Variance   Ecart-type\n",
      "----------------------------------------------------\n",
      "H.Ball          2911.3000    586087.2800     765.5634\n",
      "B.Ball           134.3200      4766.5926      69.0405\n",
      "Tennis             8.4050        11.7665       3.4302\n",
      "Gym               28.3250       116.9119      10.8126\n",
      "Natation        1400.3650    179029.5633     423.1189\n",
      "F.Ball           230.8800      9732.2776      98.6523\n"
     ]
    }
   ],
   "source": [
    "# Pour chaque variable (sport), on calcule les 3 statistiques descriptives\n",
    "# np.var et np.std utilisent par défaut la variance de population (diviseur m)\n",
    "print(f\"{'Variable':<12} {'Moyenne':>12} {'Variance':>14} {'Ecart-type':>12}\")\n",
    "print(\"-\" * 52)\n",
    "\n",
    "for j in range(n):\n",
    "    moy = round(np.mean(X[:, j]), 4)\n",
    "    var = round(np.var(X[:, j]), 4)\n",
    "    std = round(np.std(X[:, j]), 4)\n",
    "    print(f\"{sports[j]:<12} {moy:>12.4f} {var:>14.4f} {std:>12.4f}\")"
   ]
  },
  {
   "cell_type": "markdown",
   "id": "q6-comment",
   "metadata": {},
   "source": [
    "**Commentaire :** H.Ball a la moyenne et la variance les plus élevées — c'est le sport le plus pratiqué mais aussi celui dont la pratique varie le plus entre les villes. Tennis et Gym ont des taux très faibles et peu variables. La Natation affiche également une forte dispersion."
   ]
  },
  {
   "cell_type": "markdown",
   "id": "q7-md",
   "metadata": {},
   "source": [
    "---\n",
    "## Question 7 – Individu moyen"
   ]
  },
  {
   "cell_type": "code",
   "execution_count": 17,
   "id": "q7-code",
   "metadata": {},
   "outputs": [
    {
     "name": "stdout",
     "output_type": "stream",
     "text": [
      "Individu moyen (vecteur des moyennes) :\n",
      "  H.Ball : 2911.3000\n",
      "  B.Ball : 134.3200\n",
      "  Tennis : 8.4050\n",
      "  Gym : 28.3250\n",
      "  Natation : 1400.3650\n",
      "  F.Ball : 230.8800\n"
     ]
    }
   ],
   "source": [
    "# L'individu moyen est le vecteur des moyennes de chaque variable\n",
    "# Il représente la \"ville fictive typique\"\n",
    "ind_moy = np.mean(X, axis=0)\n",
    "\n",
    "print(\"Individu moyen (vecteur des moyennes) :\")\n",
    "for j in range(n):\n",
    "    print(f\"  {sports[j]} : {ind_moy[j]:.4f}\")"
   ]
  },
  {
   "cell_type": "markdown",
   "id": "q7-comment",
   "metadata": {},
   "source": [
    "**Commentaire :** L'individu moyen est le \"centre de gravité\" du nuage de points. Il sert de référence pour calculer les écarts (matrice centrée) et mesurer les variations autour de la moyenne."
   ]
  },
  {
   "cell_type": "markdown",
   "id": "q8-md",
   "metadata": {},
   "source": [
    "---\n",
    "## Question 8 – Matrice centrée Y"
   ]
  },
  {
   "cell_type": "code",
   "execution_count": 18,
   "id": "q8-code",
   "metadata": {},
   "outputs": [
    {
     "name": "stdout",
     "output_type": "stream",
     "text": [
      "Matrice centrée Y :\n",
      "[[-1.02940e+03 -3.75200e+01  5.79500e+00 -3.12500e+00 -2.64865e+02\n",
      "   4.74200e+01]\n",
      " [ 4.58500e+02 -3.75200e+01  2.39500e+00  2.32750e+01 -6.86650e+01\n",
      "   5.31200e+01]\n",
      " [ 1.55610e+03  3.88000e+00  1.09500e+00  5.87500e+00  9.45735e+02\n",
      "   8.14200e+01]\n",
      " [-1.04920e+03 -5.11200e+01  3.95000e-01 -7.25000e-01 -4.27765e+02\n",
      "  -2.74800e+01]\n",
      " [ 5.88500e+02  1.52680e+02  3.09500e+00  2.10750e+01  7.39035e+02\n",
      "   1.27120e+02]\n",
      " [ 9.91900e+02  3.63800e+01 -2.10500e+00  1.36750e+01  5.34835e+02\n",
      "   6.20200e+01]\n",
      " [-2.90600e+02 -4.82000e+00 -4.20500e+00 -1.15250e+01 -5.43650e+01\n",
      "  -9.90800e+01]\n",
      " [ 7.67100e+02  2.26800e+01 -2.40500e+00 -3.42500e+00  2.82235e+02\n",
      "  -3.66800e+01]\n",
      " [ 9.29200e+02  5.35800e+01  1.79500e+00  1.12750e+01  4.59535e+02\n",
      "   2.18220e+02]\n",
      " [-7.41100e+02  6.18000e+00  3.29500e+00  2.77500e+00 -4.92650e+01\n",
      "   2.56200e+01]\n",
      " [ 1.00910e+03 -6.32000e+00 -1.20500e+00 -2.82500e+00  5.11135e+02\n",
      "  -1.66780e+02]\n",
      " [-3.11700e+02 -9.47200e+01 -2.90500e+00 -8.92500e+00 -3.49565e+02\n",
      "  -5.83800e+01]\n",
      " [-8.28000e+01  7.69800e+01  1.49500e+00 -6.52500e+00 -3.15365e+02\n",
      "  -2.18800e+01]\n",
      " [-4.12600e+02 -1.11200e+01 -1.00500e+00 -1.82500e+00 -3.14165e+02\n",
      "  -7.73800e+01]\n",
      " [-2.26200e+02 -9.31200e+01 -6.10500e+00 -1.77250e+01 -5.87865e+02\n",
      "  -1.41080e+02]\n",
      " [-1.72000e+02 -3.36200e+01 -1.80500e+00 -6.32500e+00 -1.29965e+02\n",
      "  -5.03800e+01]\n",
      " [-1.24920e+03 -5.32200e+01  1.69500e+00 -9.22500e+00 -5.28165e+02\n",
      "  -1.07580e+02]\n",
      " [-4.41400e+02  8.58000e+00  7.09500e+00  2.57500e+00 -2.34865e+02\n",
      "   1.04620e+02]\n",
      " [-5.60600e+02 -9.56200e+01 -6.00500e+00 -1.48250e+01 -1.47265e+02\n",
      "  -6.08800e+01]\n",
      " [ 2.66400e+02  1.57780e+02 -4.05000e-01  6.47500e+00 -3.65000e-01\n",
      "   1.28020e+02]]\n",
      "\n",
      "Vérification (moyenne de chaque colonne de Y, doit être ≈ 0) :\n",
      "[ 0.  0. -0.  0.  0. -0.]\n"
     ]
    }
   ],
   "source": [
    "# On soustrait l'individu moyen de chaque ligne : Y = X - moyenne\n",
    "# Cela \"centre\" les données autour de 0 pour chaque variable\n",
    "Y = X - ind_moy\n",
    "\n",
    "print(\"Matrice centrée Y :\")\n",
    "print(np.round(Y, 4))\n",
    "\n",
    "# Vérification : la moyenne de chaque colonne de Y doit être ≈ 0\n",
    "print(\"\\nVérification (moyenne de chaque colonne de Y, doit être ≈ 0) :\")\n",
    "print(np.round(np.mean(Y, axis=0), 10))"
   ]
  },
  {
   "cell_type": "markdown",
   "id": "q8-comment",
   "metadata": {},
   "source": [
    "**Commentaire :** La matrice centrée Y contient les écarts de chaque ville par rapport à la moyenne. Les valeurs positives indiquent une pratique supérieure à la moyenne, les valeurs négatives une pratique inférieure. La somme (et donc la moyenne) de chaque colonne est bien 0."
   ]
  },
  {
   "cell_type": "markdown",
   "id": "q9-md",
   "metadata": {},
   "source": [
    "---\n",
    "## Question 9 – Fonction de calcul des variances"
   ]
  },
  {
   "cell_type": "code",
   "execution_count": 19,
   "id": "q9-code",
   "metadata": {},
   "outputs": [
    {
     "name": "stdout",
     "output_type": "stream",
     "text": [
      "Variances des 6 variables :\n",
      "  H.Ball : 586087.2800\n",
      "  B.Ball : 4766.5926\n",
      "  Tennis : 11.7665\n",
      "  Gym : 116.9119\n",
      "  Natation : 179029.5633\n",
      "  F.Ball : 9732.2776\n"
     ]
    }
   ],
   "source": [
    "# Fonction personnalisée qui calcule la variance de chaque variable\n",
    "def variance_variables(M):\n",
    "    \"\"\"\n",
    "    Calcule la variance de chaque colonne (variable) de la matrice M.\n",
    "    Utilise la variance de population (diviseur m, pas m-1).\n",
    "    Retourne un vecteur de taille n.\n",
    "    \"\"\"\n",
    "    return np.round(np.var(M, axis=0), 4)\n",
    "\n",
    "variances = variance_variables(X)\n",
    "\n",
    "print(\"Variances des 6 variables :\")\n",
    "for j in range(n):\n",
    "    print(f\"  {sports[j]} : {variances[j]:.4f}\")"
   ]
  },
  {
   "cell_type": "markdown",
   "id": "q9-comment",
   "metadata": {},
   "source": [
    "**Commentaire :** La fonction encapsule le calcul pour pouvoir être réutilisée sur n'importe quelle matrice. H.Ball a la plus grande variance (forte dispersion entre villes), Tennis la plus faible (pratique quasi uniforme)."
   ]
  },
  {
   "cell_type": "markdown",
   "id": "q10-md",
   "metadata": {},
   "source": [
    "---\n",
    "## Question 10 – Matrice de covariance V"
   ]
  },
  {
   "cell_type": "code",
   "execution_count": 20,
   "id": "q10-code",
   "metadata": {},
   "outputs": [
    {
     "name": "stdout",
     "output_type": "stream",
     "text": [
      "Matrice de covariance V :\n",
      "[[ 5.86087280e+05  2.38787570e+04 -2.78001500e+02  4.28224950e+03\n",
      "   2.80229931e+05  2.66248225e+04]\n",
      " [ 2.38787570e+04  4.76659260e+03  8.37089000e+01  4.40743000e+02\n",
      "   1.54825402e+04  4.21720490e+03]\n",
      " [-2.78001500e+02  8.37089000e+01  1.17665000e+01  1.98189000e+01\n",
      "   1.46566200e+02  1.98284600e+02]\n",
      " [ 4.28224950e+03  4.40743000e+02  1.98189000e+01  1.16911900e+02\n",
      "   2.73433340e+03  8.00072500e+02]\n",
      " [ 2.80229931e+05  1.54825402e+04  1.46566200e+02  2.73433340e+03\n",
      "   1.79029563e+05  1.95369598e+04]\n",
      " [ 2.66248225e+04  4.21720490e+03  1.98284600e+02  8.00072500e+02\n",
      "   1.95369598e+04  9.73227760e+03]]\n"
     ]
    }
   ],
   "source": [
    "# Formule : V = (1/m) * Yᵗ · Y\n",
    "# V est une matrice symétrique (6 x 6)\n",
    "# V[i,j] = covariance entre la variable i et la variable j\n",
    "# V[i,i] = variance de la variable i\n",
    "V = (1 / m) * Y.T @ Y\n",
    "\n",
    "print(\"Matrice de covariance V :\")\n",
    "print(np.round(V, 4))"
   ]
  },
  {
   "cell_type": "markdown",
   "id": "q11-md",
   "metadata": {},
   "source": [
    "---\n",
    "## Question 11 – Commentaire de la matrice V"
   ]
  },
  {
   "cell_type": "code",
   "execution_count": 21,
   "id": "q11-code",
   "metadata": {},
   "outputs": [
    {
     "name": "stdout",
     "output_type": "stream",
     "text": [
      "=== Analyse de la matrice de covariance V ===\n",
      "\n",
      "• Éléments diagonaux (variances) :\n",
      "  Var(H.Ball) = 586087.2800\n",
      "  Var(B.Ball) = 4766.5926\n",
      "  Var(Tennis) = 11.7665\n",
      "  Var(Gym) = 116.9119\n",
      "  Var(Natation) = 179029.5633\n",
      "  Var(F.Ball) = 9732.2776\n",
      "\n",
      "• Plus grande covariance positive (forte liaison) :\n",
      "  Cov(H.Ball, Natation) = 280229.9310\n"
     ]
    }
   ],
   "source": [
    "print(\"=== Analyse de la matrice de covariance V ===\")\n",
    "print(\"\\n• Éléments diagonaux (variances) :\")\n",
    "for j in range(n):\n",
    "    print(f\"  Var({sports[j]}) = {V[j,j]:.4f}\")\n",
    "\n",
    "print(\"\\n• Plus grande covariance positive (forte liaison) :\")\n",
    "max_cov = 0\n",
    "for i in range(n):\n",
    "    for j in range(i+1, n):\n",
    "        if abs(V[i,j]) > abs(max_cov):\n",
    "            max_cov = V[i,j]\n",
    "            paire = (sports[i], sports[j])\n",
    "print(f\"  Cov({paire[0]}, {paire[1]}) = {max_cov:.4f}\")"
   ]
  },
  {
   "cell_type": "markdown",
   "id": "q11-comment",
   "metadata": {},
   "source": [
    "**Commentaire :** \n",
    "- La **diagonale** de V contient les variances de chaque variable (identiques à celles calculées en Q9).\n",
    "- Les **éléments hors-diagonale** sont les covariances entre paires de variables.\n",
    "- Une covariance **positive** indique que les deux sports évoluent dans le même sens (quand l'un est élevé, l'autre l'est aussi).\n",
    "- Une covariance **négative** indique une évolution opposée.\n",
    "- La matrice V est **symétrique** : Cov(Xᵢ, Xⱼ) = Cov(Xⱼ, Xᵢ).\n",
    "- H.Ball et Natation montrent vraisemblablement la plus forte covariance (deux sports très pratiqués qui varient ensemble)."
   ]
  },
  {
   "cell_type": "markdown",
   "id": "q12-md",
   "metadata": {},
   "source": [
    "---\n",
    "## Question 12 – Matrice de corrélation R"
   ]
  },
  {
   "cell_type": "code",
   "execution_count": 22,
   "id": "q12-code",
   "metadata": {},
   "outputs": [
    {
     "name": "stdout",
     "output_type": "stream",
     "text": [
      "Matrice de corrélation R :\n",
      "             H.Ball   B.Ball   Tennis      Gym Natation   F.Ball\n",
      "H.Ball       1.0000   0.4518  -0.1059   0.5173   0.8651   0.3525\n",
      "B.Ball       0.4518   1.0000   0.3535   0.5904   0.5300   0.6192\n",
      "Tennis      -0.1059   0.3535   1.0000   0.5344   0.1010   0.5859\n",
      "Gym          0.5173   0.5904   0.5344   1.0000   0.5977   0.7501\n",
      "Natation     0.8651   0.5300   0.1010   0.5977   1.0000   0.4680\n",
      "F.Ball       0.3525   0.6192   0.5859   0.7501   0.4680   1.0000\n"
     ]
    }
   ],
   "source": [
    "# On standardise Y : Z = Y / écart-type (centré-réduit)\n",
    "# Formule : R = (1/m) * Zᵗ · Z\n",
    "# Les coefficients de corrélation sont dans [-1, 1]\n",
    "ecart_type = np.std(X, axis=0)    # vecteur des écarts-types\n",
    "Z = Y / ecart_type                 # matrice des données centrées-réduites\n",
    "R = (1 / m) * Z.T @ Z\n",
    "\n",
    "print(\"Matrice de corrélation R :\")\n",
    "# Affichage avec noms de colonnes\n",
    "print(f\"{'':10}\", end=\"\")\n",
    "for s in sports:\n",
    "    print(f\"{s:>9}\", end=\"\")\n",
    "print()\n",
    "for i in range(n):\n",
    "    print(f\"{sports[i]:10}\", end=\"\")\n",
    "    for j in range(n):\n",
    "        print(f\"{R[i,j]:9.4f}\", end=\"\")\n",
    "    print()"
   ]
  },
  {
   "cell_type": "markdown",
   "id": "q13-md",
   "metadata": {},
   "source": [
    "---\n",
    "## Question 13 – Commentaire de la matrice R"
   ]
  },
  {
   "cell_type": "code",
   "execution_count": 23,
   "id": "q13-code",
   "metadata": {},
   "outputs": [
    {
     "name": "stdout",
     "output_type": "stream",
     "text": [
      "=== Analyse de la matrice de corrélation R ===\n",
      "\n",
      "• La diagonale vaut toujours 1 (corrélation d'une variable avec elle-même).\n",
      "• Corrélations fortes (|r| > 0.7) :\n",
      "  r(H.Ball, Natation) = 0.8651  → positive\n",
      "  r(Gym, F.Ball) = 0.7501  → positive\n",
      "\n",
      "• Corrélations faibles (|r| < 0.3) :\n",
      "  r(H.Ball, Tennis) = -0.1059\n",
      "  r(Tennis, Natation) = 0.1010\n"
     ]
    }
   ],
   "source": [
    "print(\"=== Analyse de la matrice de corrélation R ===\")\n",
    "print(\"\\n• La diagonale vaut toujours 1 (corrélation d'une variable avec elle-même).\")\n",
    "print(\"• Corrélations fortes (|r| > 0.7) :\")\n",
    "for i in range(n):\n",
    "    for j in range(i+1, n):\n",
    "        if abs(R[i,j]) > 0.7:\n",
    "            print(f\"  r({sports[i]}, {sports[j]}) = {R[i,j]:.4f}  → {'positive' if R[i,j]>0 else 'négative'}\")\n",
    "\n",
    "print(\"\\n• Corrélations faibles (|r| < 0.3) :\")\n",
    "for i in range(n):\n",
    "    for j in range(i+1, n):\n",
    "        if abs(R[i,j]) < 0.3:\n",
    "            print(f\"  r({sports[i]}, {sports[j]}) = {R[i,j]:.4f}\")"
   ]
  },
  {
   "cell_type": "markdown",
   "id": "q13-comment",
   "metadata": {},
   "source": [
    "**Commentaire :**\n",
    "- Les coefficients de R sont normalisés entre **-1 et +1**, ce qui permet de comparer les liaisons indépendamment des unités.\n",
    "- **r ≈ +1** : forte corrélation positive → les deux sports sont très liés (villes qui pratiquent l'un pratiquent l'autre).\n",
    "- **r ≈ -1** : forte corrélation négative → relation inverse.\n",
    "- **r ≈ 0** : pas de liaison linéaire détectable.\n",
    "- H.Ball et Natation sont typiquement fortement corrélés (sports collectifs populaires dans les mêmes villes).\n",
    "- Tennis et Gym ont souvent de faibles corrélations avec les autres sports (pratiques plus marginales et indépendantes)."
   ]
  },
  {
   "cell_type": "markdown",
   "id": "q14-md",
   "metadata": {},
   "source": [
    "---\n",
    "## Question 14 – Nuages de points (représentation graphique)"
   ]
  },
  {
   "cell_type": "code",
   "execution_count": 24,
   "id": "q14-code",
   "metadata": {},
   "outputs": [
    {
     "data": {
